# name: debug
# type: sparse matrix
# nnz: 648
# rows: 108
# columns: 108

1 1 3449.491424496
2 1 -0.003238492
3 1 -0.009006957
4 1 0.000206395
5 1 0.007765139
6 1 -0.000892777
1 2 -0.003238492
2 2 3449.495380307
3 2 -0.006564133
4 2 -0.008016336
5 2 -0.000206395
6 2 0.001496518
1 3 -0.009006957
2 3 -0.006564133
3 3 3449.429208539
4 3 0.000832519
5 3 -0.001387189
6 3 -0.000000000
1 4 0.000206395
2 4 -0.008016336
3 4 0.000832519
4 4 3449.426192970
5 4 -0.000000000
6 4 -0.000202274
1 5 0.007765139
2 5 -0.000206395
3 5 -0.001387189
4 5 -0.000000000
5 5 3449.426192970
6 5 -0.000111049
1 6 -0.000892777
2 6 0.001496518
3 6 0.000000000
4 6 -0.000202274
5 6 -0.000111049
6 6 3449.425257195
7 7 178541.308925839
8 7 -466311.801062189
9 7 -794.261281210
10 7 -23.026982120
11 7 -66.541682250
12 7 33993.345569803
7 8 -466311.367483698
8 8 1245384.741278361
9 8 -298.320797926
10 8 119.148585543
11 8 23.021800530
12 8 -90539.945344425
7 9 -794.261280966
8 9 -298.320799866
9 9 621146.076846434
10 9 -14813.308092282
11 9 39451.112975717
12 9 0.005221087
7 10 -23.026984094
8 10 119.148705889
9 10 -14813.308092282
10 10 3804.931096358
11 10 -946.768249018
12 10 -8.177347386
7 11 -66.541668001
8 11 23.021805244
9 11 39451.112975717
10 11 -946.768249022
11 11 5971.094589429
12 11 -3.070876274
7 12 33993.340376092
8 12 -90540.020673252
9 12 0.005221199
10 12 -8.177345633
11 12 -3.070878676
12 12 10055.202628588
13 13 824923.999117689
14 13 -1442728.446384931
15 13 -111.108084079
16 13 369.166501386
17 13 217.189116209
18 13 -92023.997068390
13 14 -1442728.446385080
14 14 2538142.673253361
15 14 -63.566762031
16 14 -656.089824329
17 14 -369.166501386
18 14 161673.243041437
13 15 -111.108084079
14 15 -63.566762031
15 15 30950.974982080
16 15 760.753116019
17 15 -1329.521355463
18 15 -0.000000000
13 16 369.166501386
14 16 -656.089824328
15 16 760.753116019
16 16 3470.654349215
17 16 -36.681639634
18 16 -41.777226344
13 17 217.189116209
14 17 -369.166501385
15 17 -1329.521355463
16 17 -36.681639634
17 17 3513.784566988
18 17 -23.768841380
13 18 -92023.997068381
14 18 161673.243041415
15 18 -0.000000000
16 18 -41.777226344
17 18 -23.768841380
18 18 13765.855161060
19 19 -211009.732869277
20 19 572523.122989449
21 19 -3174.466012893
22 19 212.074551545
23 19 -305.105671672
24 19 -76149.483841146
19 20 572522.459171090
20 20 -1517876.287984061
21 20 -1103.463565060
22 20 -204.515942199
23 20 -211.124876777
24 20 203766.890727494
19 21 -3173.496496718
20 21 -1106.068257811
21 21 2477727.138074148
22 21 -93248.695316740
23 21 264881.460382674
24 21 -0.616064126
19 22 212.035573084
20 22 -204.411645545
21 22 -93248.694888219
22 22 7032.905074512
23 22 -10087.943826360
24 22 32.778449803
19 23 -304.995970622
20 23 -211.419480873
21 23 264881.460542252
22 23 -10087.943881297
23 23 31979.678985579
24 23 12.155755516
19 24 -76149.586942876
20 24 203767.227122758
21 24 -0.951665592
22 24 32.792007774
23 24 12.117790104
24 24 -23571.708275890
25 25 3449.544048985
26 25 -0.265847749
27 25 0.050139430
28 25 0.013665229
29 25 0.013575584
30 25 0.039108679
25 26 -0.265847749
26 26 3450.194931836
27 26 0.017854939
28 26 -0.046997736
29 26 -0.013665229
30 26 -0.109577183
25 27 0.050139430
26 27 0.017854939
27 27 3449.544103768
28 27 -0.006487811
29 27 0.018193292
30 27 0.000000000
25 28 0.013665229
26 28 -0.046997736
27 28 -0.006487811
28 28 3449.428357591
29 28 -0.000000001
30 28 0.006641621
25 29 0.013575584
26 29 -0.013665229
27 29 0.018193292
28 29 -0.000000001
29 29 3449.428357593
30 29 0.002371690
25 30 0.039108679
26 30 -0.109577183
27 30 0.000000000
28 30 0.006641621
29 30 0.002371690
30 30 3449.440963932
31 31 3500.243788322
32 31 -110.257076873
33 31 -0.674174949
34 31 1.384800441
35 31 0.696633214
36 31 -17.910146011
31 32 -110.257076873
32 32 3691.592053553
33 32 -0.331432557
34 32 -3.087249280
35 32 -1.384800441
36 32 39.578620868
31 33 -0.674174949
32 33 -0.331432557
33 33 3452.659292179
34 33 0.155218983
35 33 -0.335125300
36 33 0.000000000
31 34 1.384800441
32 34 -3.087249280
33 34 0.155218983
34 34 3449.474228500
35 34 -0.000010431
36 34 -0.492274930
31 35 0.696633214
32 35 -1.384800441
33 35 -0.335125300
34 35 -0.000010431
35 35 3449.474247441
36 35 -0.223648591
31 36 -17.910146011
32 36 39.578620868
33 36 -0.000000000
34 36 -0.492274930
35 36 -0.223648591
36 36 3456.062640696
37 37 3449.517644811
38 37 0.000347547
39 37 0.014973130
40 37 0.000062102
41 37 0.006609326
42 37 -0.000706904
37 38 0.000347547
38 38 3449.522786760
39 38 -0.005732273
40 38 -0.006658867
41 38 -0.000062102
42 38 -0.000696727
37 39 0.014973130
38 39 -0.005732273
39 39 3449.430480052
40 39 0.000642918
41 39 0.000670868
42 39 0.000000000
37 40 0.000062102
38 40 -0.006658867
39 40 0.000642918
40 40 3449.425819715
41 40 -0.000000000
42 40 0.000006664
37 41 0.006609326
38 41 -0.000062102
39 41 0.000670868
40 41 -0.000000000
41 41 3449.425819715
42 41 -0.000108617
37 42 -0.000706904
38 42 -0.000696727
39 42 0.000000000
40 42 0.000006664
41 42 -0.000108617
42 42 3449.425237869
43 43 3449.508176434
44 43 -0.005981407
45 43 0.024638319
46 43 0.000243877
47 43 0.005606000
48 43 0.000383620
43 44 -0.005981407
44 44 3449.524012485
45 44 0.000805253
46 44 -0.006144100
47 44 -0.000243877
48 44 -0.002286093
43 45 0.024638319
44 45 0.000805253
45 45 3449.437864547
46 45 -0.000213931
47 45 0.001845884
48 45 0.000000000
43 46 0.000243877
44 46 -0.006144100
45 46 -0.000213931
46 46 3449.425587392
47 46 -0.000000000
48 46 0.000146125
43 47 0.005606000
44 47 -0.000243877
45 47 0.001845884
46 47 -0.000000000
47 47 3449.425587392
48 47 0.000028486
43 48 0.000383620
44 48 -0.002286093
45 48 0.000000000
46 48 0.000146125
47 48 0.000028486
48 48 3449.425270600
49 49 3449.612171039
50 49 0.006995280
51 49 0.028181598
52 49 0.000207600
53 49 -0.013148457
54 49 0.001734091
49 50 0.006995280
50 50 3449.630612463
51 50 -0.020504119
52 50 0.013862672
53 50 -0.000207600
54 50 0.002035107
49 51 0.028181598
50 51 -0.020504119
51 51 3449.438789643
52 51 -0.001582587
53 51 -0.001785640
54 51 -0.000000000
49 52 0.000207600
50 52 0.013862672
51 52 -0.001582587
52 52 3449.426232206
53 52 0.000000000
54 52 0.000100439
49 53 -0.013148457
50 53 -0.000207600
51 53 -0.001785640
52 53 0.000000000
53 53 3449.426232206
54 53 -0.000138400
49 54 0.001734091
50 54 0.002035107
51 54 -0.000000000
52 54 0.000100439
53 54 -0.000138400
54 54 3449.425286461
55 55 3449.539026412
56 55 0.011942233
57 55 0.038535710
58 55 0.000404212
59 55 -0.008984025
60 55 0.001437728
55 56 0.011942233
56 56 3449.582211186
57 56 -0.012860327
58 56 0.010583879
59 56 -0.000404212
60 56 0.003701991
55 57 0.038535710
56 57 -0.012860327
57 57 3449.447416946
58 57 -0.001155079
59 57 -0.002758350
60 57 0.000000000
55 58 0.000404212
56 58 0.010583879
57 58 -0.001155079
58 58 3449.426081585
59 58 0.000000000
60 58 0.000191553
55 59 -0.008984025
56 59 -0.000404212
57 59 -0.002758350
58 59 0.000000000
59 59 3449.426081585
60 59 -0.000121421
55 60 0.001437728
56 60 0.003701991
57 60 0.000000000
58 60 0.000191553
59 60 -0.000121421
60 60 3449.425364642
61 61 3449.526764417
62 61 -0.001800614
63 61 -0.012702275
64 61 -0.000101905
65 61 -0.009955805
66 61 0.000644338
61 62 -0.001800614
62 62 3449.529433661
63 62 -0.005728717
64 62 0.010089271
65 62 0.000101905
66 62 -0.001337399
61 63 -0.012702275
62 63 -0.005728717
63 63 3449.427452761
64 63 -0.000616772
65 63 0.001292033
66 63 -0.000000000
61 64 -0.000101905
62 64 0.010089271
63 64 -0.000616772
64 64 3449.426197764
65 64 -0.000000000
66 64 -0.000138361
61 65 -0.009955805
62 65 0.000101905
63 65 0.001292033
64 65 -0.000000000
65 65 3449.426197764
66 65 -0.000070477
61 66 0.000644338
62 66 -0.001337399
63 66 0.000000000
64 66 -0.000138361
65 66 -0.000070477
66 66 3449.425216376
67 67 3449.645049605
68 67 -0.000884786
69 67 0.009200745
70 67 0.000004834
71 67 -0.008860810
72 67 -0.001119786
67 68 -0.000884786
68 68 3449.639299866
69 68 0.027352673
70 68 0.008777396
71 68 -0.000004834
72 68 0.000249530
67 69 0.009200745
68 69 0.027352673
69 69 3449.432287530
70 69 0.001077009
71 69 -0.000250384
72 69 -0.000000000
67 70 0.000004834
68 70 0.008777396
69 70 0.001077009
70 70 3449.425575977
71 70 0.000000000
72 70 0.000000148
67 71 -0.008860810
68 71 -0.000004834
69 71 -0.000250384
70 71 0.000000000
71 71 3449.425575977
72 71 0.000045774
67 72 -0.001119786
68 72 0.000249530
69 72 -0.000000000
70 72 0.000000148
71 72 0.000045774
72 72 3449.425201520
73 73 3449.512715655
74 73 0.000361771
75 73 0.024665302
76 73 -0.000016836
77 73 -0.006018856
78 73 -0.000126236
73 74 0.000361771
74 74 3449.535936277
75 74 -0.000897253
76 74 0.006968832
77 74 0.000016836
78 74 0.002391688
73 75 0.024665302
74 75 -0.000897253
75 75 3449.436365495
76 75 0.000075936
77 75 -0.001885389
78 75 -0.000000000
73 76 -0.000016836
74 76 0.006968832
75 76 0.000075936
76 76 3449.425669269
77 76 -0.000000000
78 76 0.000168060
73 77 -0.006018856
74 77 0.000016836
75 77 -0.001885389
76 77 -0.000000000
77 77 3449.425669269
78 77 0.000018411
73 78 -0.000126236
74 78 0.002391688
75 78 0.000000000
76 78 0.000168060
77 78 0.000018411
78 78 3449.425291683
79 79 3449.543933394
80 79 -0.000777969
81 79 0.013613520
82 79 -0.000034052
83 79 -0.007192437
84 79 0.000232169
79 80 -0.000777969
80 80 3449.554415477
81 80 0.000390349
82 80 0.007472864
83 80 0.000034052
84 80 0.000552676
79 81 0.013613520
80 81 0.000390349
81 81 3449.432741669
82 81 -0.000227574
83 81 -0.000463582
84 81 -0.000000000
79 82 -0.000034052
80 82 0.007472864
81 82 -0.000227574
82 82 3449.425712447
83 82 -0.000000000
84 82 0.000003655
79 83 -0.007192437
80 83 0.000034052
81 83 -0.000463582
82 83 -0.000000000
83 83 3449.425712447
84 83 -0.000032415
79 84 0.000232169
80 84 0.000552676
81 84 -0.000000000
82 84 0.000003655
83 84 -0.000032415
84 84 3449.425214036
85 85 3449.539458815
86 85 0.001824947
87 85 0.024319692
88 85 0.000070450
89 85 -0.008258305
90 85 0.000465848
85 86 0.001824947
86 86 3449.562913314
87 86 -0.004907690
88 86 0.009055792
89 86 -0.000070450
90 86 0.002022051
85 87 0.024319692
86 87 -0.004907690
87 87 3449.436921591
88 87 -0.000421962
89 87 -0.001665914
90 87 -0.000000000
85 88 0.000070450
86 88 0.009055792
87 88 -0.000421962
88 88 3449.425809793
89 88 0.000000000
90 88 0.000119168
85 89 -0.008258305
86 89 -0.000070450
87 89 -0.001665914
88 89 0.000000000
89 89 3449.425809793
90 89 -0.000035108
85 90 0.000465848
86 90 0.002022051
87 90 -0.000000000
88 90 0.000119168
89 90 -0.000035108
90 90 3449.425253182
91 91 3449.447775610
92 91 -0.001879943
93 91 0.002187273
94 91 -0.000057587
95 91 -0.001492481
96 91 -0.000029562
91 92 -0.001879943
92 92 3449.451592552
93 92 0.000189009
94 92 0.001606193
95 92 0.000057587
96 92 0.000206812
91 93 0.002187273
92 93 0.000189009
93 93 3449.427668484
94 93 0.000008547
95 93 -0.000146059
96 93 -0.000000000
91 94 -0.000057587
92 94 0.001606193
93 94 0.000008547
94 94 3449.425286639
95 94 -0.000000000
96 94 0.000009562
91 95 -0.001492481
92 95 0.000057587
93 95 -0.000146059
94 95 -0.000000000
95 95 3449.425286639
96 95 0.000000148
91 96 -0.000029562
92 96 0.000206812
93 96 -0.000000000
94 96 0.000009562
95 96 0.000000148
96 96 3449.425197638
97 97 3449.481117001
98 97 -0.003459494
99 97 0.025059360
100 97 -0.000097444
101 97 -0.003759208
102 97 -0.000271754
97 98 -0.003459494
98 98 3449.507343063
99 98 0.003875077
100 98 0.004635981
101 98 0.000097444
102 98 0.002277771
97 99 0.025059360
98 99 0.003875077
99 99 3449.437665919
100 99 0.000224276
101 99 -0.001804186
102 99 0.000000000
97 100 -0.000097444
98 100 0.004635981
99 100 0.000224276
100 100 3449.425457741
101 100 -0.000000000
102 100 0.000136360
97 101 -0.003759208
98 101 0.000097444
99 101 -0.001804186
100 101 -0.000000000
101 101 3449.425457741
102 101 0.000014025
97 102 -0.000271754
98 102 0.002277771
99 102 -0.000000000
100 102 0.000136360
101 102 0.000014025
102 102 3449.425258127
103 103 3449.434528987
104 103 -0.000065201
105 103 -0.002223087
106 103 -0.000005818
107 103 -0.000725810
108 103 0.000042086
103 104 -0.000065201
104 104 3449.435383684
105 104 -0.000378751
106 104 0.000756692
107 104 0.000005818
108 104 -0.000188630
103 105 -0.002223087
104 105 -0.000378751
105 105 3449.425942943
106 105 -0.000040972
107 105 0.000173369
108 105 0.000000000
103 106 -0.000005818
104 106 0.000756692
105 106 -0.000040972
106 106 3449.425243806
107 106 -0.000000000
108 106 -0.000013770
103 107 -0.000725810
104 107 0.000005818
105 107 0.000173369
106 107 -0.000000000
107 107 3449.425243806
108 107 -0.000004080
103 108 0.000042086
104 108 -0.000188630
105 108 0.000000000
106 108 -0.000013770
107 108 -0.000004080
108 108 3449.425191007
